1 02 03 04 05 06 07 08 09
2 38 10 11 12 13 14 15 16
3 10 39 17 18 19 20 21 22
4 11 17 40 23 24 25 26 27
5 12 18 23 41 28 29 30 31
6 13 19 24 28 42 32 33 34
7 14 20 25 29 32 43 35 36
8 15 21 26 30 33 35 44 37
9 16 22 27 31 34 36 37 45